5098 -1.37461 -150.549 -10.5803 261132 -4.74531e+06
5098 0.052796 5.7687 260.395 15982.6 457528
5098 -0.740223 -295.588 -930.88 586475 -1.06159e+07
5098 0.0507853 5.60968 246.448 15563.1 438385
5104 -0.669346 -136.564 -3474.28 -3.63306 -1.73762
5104 0.0137529 0.0141421 0.0141421 0.0141421 0.0141421
5104 -1.03497 -209.215 537.831 1.09497e+06 -1.04839e+07
5104 0.152211 18.7237 3314.89 117905 1.44736e+07
5106 -0.925259 -184.498 17.429 125126 -1.3377e+06
5106 0.0494058 3.16609 72.8914 3206.77 43599.3
5107 -2.1963 -260.717 9749.2 267180 -9.3437e+06
5107 0.0611614 5.71945 315.159 11457.4 365176
5106 -0.925259 -184.498 17.429 125126 -1.3377e+06
5106 0.0494058 3.16609 72.8914 3206.77 43599.3
5107 -2.1963 -260.717 9749.2 267180 -9.3437e+06
5107 0.0611614 5.71945 315.159 11457.4 365176
5108 -0.537971 -302.249 1897.74 752196 1.08018e+06
5108 0.0766588 10.1905 394.252 33974.2 168231
5109 -2.74541 -180.443 3408.1 102509 -1.83469e+06
5109 0.0636829 2.72728 93.317 2125.9 45266.1
5110 -3.61213 -872.225 5213.3 3.11936e+06 850852
5110 0.377564 48.5737 3260.75 152866 7.28306e+06
5111 -2.65661 -1322.21 -22083.9 2.96327e+06 6.92347e+07
5111 0.320267 31.2598 2384.98 74463.2 4.07838e+06
5115 -1.0772 -116.718 1849.93 84582.3 -1.81412e+06
5115 0.0391197 3.47532 132.221 5470.58 131787
5116 0.126701 -273.302 -11581.9 512468 2.01249e+07
5116 0.0645501 4.84987 477.715 11574.4 748095
5123 -185.879 -16443.4 2.55676e+06 9.23467e+07 -6.98376e+09
5123 3.62977 429.529 82160 4.1563e+06 4.902e+08
5139 16.5723 -1935.08 -52541.3 2.67811e+06 58241.9
5139 0.59315 39.3113 2503.81 95575.6 4.15802e+06
5139 16.5723 -1935.08 -52541.3 2.67811e+06 58241.9
5139 0.59315 39.3113 2503.81 95575.6 4.15802e+06
